#################################### beta=0.00001, accuracy=78.38774150566289 ##########################################


[[249   0   0   0   0   1   0   0   1   0   0   2   0   3   3  24   2   3  4  26]
 [  0 286  13  14   9  22   4   1   1   0   1  11   8   6  11   1   1   0  0   0]
 [  1  33 204  57  19  21   4   2   3   0   0  12   5  10   8   3   1   0  5   3]
 [  0  11  30 276  20   1  11   2   1   0   1   4  32   1   2   0   0   0  0   0]
 [  0  17  13  30 269   1  11   2   2   0   0   3  21   8   4   0   1   0  1   0]
 [  0  53  16   6   3 286   1   1   3   0   0   5   3   6   4   0   1   1  1   0]
 [  0   7   5  33  16   1 265  17   9   1   2   1   7   5   7   0   2   1  2   1]
 [  0   3   1   2   0   0  14 331  17   0   0   1  13   0   4   2   0   0  6   1]
 [  0   1   0   1   0   0   2  28 359   0   0   0   3   1   0   0   1   1  0   0]
 [  0   0   0   1   1   0   2   1   2 352  17   0   1   3   3   5   2   1  5   1]
 [  2   0   1   0   0   0   2   1   2   4 383   0   0   0   0   1   2   0  1   0]
 [  0   3   0   3   3   1   0   0   0   1   1 361   2   2   3   0  10   0  5   0]
 [  3  21   4  24   7   4   8  10   6   0   0  21 262  10   8   1   3   0  1   0]
 [  5   7   0   3   0   0   3   5   4   1   0   1   8 320   8   7   6   5  8   2]
 [  0   8   0   1   0   3   1   0   1   0   1   4   6   5 343   3   2   1 12   1]
 [ 11   2   0   0   0   2   1   0   0   0   0   0   0   2   0 362   0   1  2  15]
 [  1   1   0   0   0   1   1   2   1   1   0   4   0   5   2   1 303   5 23  13]
 [ 12   1   0   1   0   0   1   2   0   2   0   2   1   0   0   6   3 326 18   1]
 [  6   1   0   0   1   1   0   0   0   0   0   5   0  10   6   2  63   6196  13]
 [ 39   3   0   0   0   0   0   0   1   1   0   1   0   3   6  27  10   3  7 150]]


#################################### beta=0.00003, accuracy=78.58760826115923 #############################################

[[249   0   0   0   0   1   0   0   1   0   0   2   0   3   3  23   2   3  4  27]
 [  1 285  13  14  10  22   4   1   1   0   1  11   8   6  10   1   1   0  0   0]
 [  1  33 207  58  20  21   4   2   3   0   0  10   4  10   8   2   1   0  4   3]
 [  0  11  30 278  20   1   9   2   1   0   1   4  32   1   2   0   0   0  0   0]
 [  0  17  13  29 271   0  12   2   2   0   0   3  21   8   3   0   1   0  1   0]
 [  0  54  16   6   3 284   1   1   3   0   0   6   3   6   4   0   1   1  1   0]
 [  0   7   5  32  15   1 273  16   7   1   2   0   7   4   6   0   2   1  2   1]
 [  0   3   1   2   0   0  14 332  17   0   0   1  13   0   4   1   0   0  6   1]
 [  0   1   0   1   0   0   2  27 360   0   0   0   3   1   0   0   1   1  0   0]
 [  0   0   0   1   1   0   3   1   1 353  17   0   1   3   3   5   2   0  5   1]
 [  2   0   1   0   0   0   2   1   2   4 383   0   0   0   0   1   2   0  1   0]
 [  0   3   0   3   4   1   0   0   0   1   1 361   2   2   2   0  10   0  5   0]
 [  3  20   4  25   7   4   8  11   6   0   0  21 265   8   7   1   3   0  0   0]
 [  5   7   0   3   0   0   4   5   4   1   0   1   7 319   8   7   6   6  8   2]
 [  0   8   0   1   0   3   1   0   1   0   1   4   7   5 342   3   2   1 12   1]
 [ 11   2   0   0   0   2   1   0   0   0   0   0   0   2   0 362   0   1  2  15]
 [  1   1   0   0   0   1   1   2   1   1   0   4   0   5   2   1 303   5 23  13]
 [ 13   1   0   1   0   0   1   2   0   2   0   2   1   0   0   6   2 326 18   1]
 [  6   1   0   0   1   1   0   0   0   0   0   5   0  10   6   2  63   6196  13]
 [ 39   3   0   0   0   0   0   0   1   1   0   1   0   2   6  27  11   4  7 149]]


################################### beta= 0.00006, accuracy=78.77415056628914  ############################################

[[249   0   0   0   0   1   0   0   1   0   0   2   0   3   3  23   2   3  4  27]
 [  1 287  12  14  10  21   4   1   1   0   1  11   8   6  10   1   1   0  0   0]
 [  1  31 211  59  21  21   4   2   3   0   0   9   3   9   7   2   1   0  4   3]
 [  0  11  30 278  22   0   9   2   1   0   1   3  32   1   2   0   0   0  0   0]
 [  0  17  13  27 275   0  12   2   2   0   0   3  20   8   2   0   1   0  1   0]
 [  0  54  17   6   3 285   1   1   3   0   0   5   3   5   4   0   1   1  1   0]
 [  0   7   5  32  15   1 274  16   7   1   2   0   7   4   6   0   1   1  2   1]
 [  0   3   1   2   0   0  14 333  17   0   0   1  12   0   4   1   0   0  6   1]
 [  0   1   0   1   0   0   2  27 360   0   0   0   3   1   0   0   1   1  0   0]
 [  0   0   0   1   1   0   3   1   1 355  17   0   1   3   3   4   2   0  4   1]
 [  2   0   1   0   0   0   2   1   2   4 383   0   0   0   0   1   2   0  1   0]
 [  0   3   1   3   4   1   0   0   0   1   1 361   2   2   2   0  10   0  4   0]
 [  3  21   4  24   7   4   8  11   6   0   0  20 266   8   7   1   3   0  0   0]
 [  5   8   0   3   0   0   4   5   5   1   0   1   7 318   8   7   5   6  8   2]
 [  0   9   0   1   0   3   1   0   1   0   1   3   7   5 342   3   2   1 12   1]
 [ 11   3   0   0   0   2   1   0   0   0   0   0   0   1   0 362   0   1  2  15]
 [  1   1   0   0   0   1   1   2   1   1   0   4   0   5   2   1 304   5 22  13]
 [ 14   1   0   1   0   0   1   2   0   2   0   2   1   0   0   6   2 325 18   1]
 [  6   1   0   0   1   1   0   1   0   0   0   5   0  10   6   2  65   5194  13]
 [ 38   3   0   0   0   0   0   0   1   1   0   1   0   2   6  27  11   4  7 150]]

################################## beta=0.0001, accuracy=78.89407061958694  ###############################################

[[250   0   0   0   0   1   0   0   1   0   0   2   0   3   3  22   2   3  3  28]
 [  1 287  13  15  10  21   4   1   1   0   1  11   7   5  11   1   0   0  0   0]
 [  1  31 211  60  20  21   4   2   3   0   0   9   3   9   7   2   1   0  4   3]
 [  0  11  30 279  22   0   9   2   1   0   1   3  32   1   1   0   0   0  0   0]
 [  0  16  13  26 277   0  12   2   2   0   0   3  20   8   2   0   1   0  1   0]
 [  0  55  18   6   3 284   1   1   3   0   0   4   3   5   4   0   1   1  1   0]
 [  0   6   5  33  14   1 277  17   7   1   2   0   7   2   6   0   1   0  2   1]
 [  0   3   1   2   0   0  14 334  17   0   0   1  12   0   4   1   0   0  5   1]
 [  0   1   0   1   0   0   2  25 362   0   0   0   3   1   0   0   1   1  0   0]
 [  0   0   0   1   1   0   3   1   1 355  17   0   1   3   3   4   2   0  4   1]
 [  2   0   0   0   0   0   3   1   2   4 382   0   0   1   0   1   2   0  1   0]
 [  0   3   1   3   4   1   0   0   0   1   1 361   2   2   2   0  10   0  4   0]
 [  3  20   4  25   8   4   8   9   5   1   0  19 268   8   7   1   3   0  0   0]
 [  5   8   0   3   0   0   4   5   5   1   0   1   7 318   8   7   5   6  8   2]
 [  0   9   0   1   0   3   1   0   1   0   1   3   7   5 342   3   2   1 12   1]
 [ 11   3   0   0   0   2   1   0   0   0   0   0   0   1   0 362   0   1  2  15]
 [  1   1   0   0   0   1   1   2   1   1   0   4   0   5   2   1 305   5 22  12]
 [ 15   1   0   1   0   0   1   2   0   2   0   2   1   0   0   6   2 325 17   1]
 [  6   1   0   0   1   1   0   1   0   0   0   5   0   9   7   2  67   5192  13]
 [ 39   3   0   0   0   0   0   0   1   1   0   1   0   2   6  26  11   4  7 150]]


################################ beta=0.0003, accuracy=79.3337774816788 #################################################

[[250   0   0   0   0   1   0   0   1   0   0   1   0   3   3  22   2   3  4  28]
 [  1 293  13  16  11  18   3   1   1   0   1  10   7   4   9   1   0   0  0   0]
 [  1  29 213  62  18  21   4   2   3   0   0   9   3   9   7   2   1   0  4   3]
 [  0  11  30 280  23   0   8   1   1   0   1   3  32   1   1   0   0   0  0   0]
 [  0  14  12  26 283   0  12   2   2   0   0   3  18   8   2   0   1   0  0   0]
 [  0  55  19   7   3 282   1   1   3   0   0   4   3   5   4   0   1   1  1   0]
 [  0   7   5  32  14   1 280  17   8   1   1   0   7   1   6   0   1   0  0   1]
 [  0   2   1   2   0   0  14 337  15   0   0   1  12   0   3   1   1   0  5   1]
 [  0   1   0   1   0   0   2  23 366   0   0   0   2   1   0   0   1   0  0   0]
 [  0   0   0   1   1   0   3   1   1 358  14   0   1   3   3   4   2   0  4   1]
 [  2   0   0   0   0   0   3   1   2   4 382   0   0   1   0   1   2   0  1   0]
 [  0   3   1   3   4   1   1   0   0   1   0 361   2   2   2   0  10   0  4   0]
 [  3  21   3  25  10   3   7  10   5   1   0  19 270   6   6   1   3   0  0   0]
 [  4   8   0   3   0   0   4   4   5   1   0   1   6 321   8   7   6   5  8   2]
 [  1   9   0   1   0   3   1   0   1   0   1   3   7   4 342   3   2   1 12   1]
 [ 11   3   0   0   0   2   1   0   0   0   0   0   0   1   0 363   0   0  2  15]
 [  1   1   0   0   0   1   1   2   1   1   0   4   0   5   2   1 307   4 22  11]
 [ 15   1   0   1   0   0   1   2   0   2   0   2   1   0   0   6   3 324 17   1]
 [  6   1   0   0   1   0   0   1   0   0   0   5   0  10   7   2  68   4191  14]
 [ 39   3   0   0   0   0   0   0   1   1   0   1   0   2   6  26  11   3  7 151]]


############################# beta=0.0006, accuracy= 79.60026648900734 #####################################################

[[251   0   0   0   0   1   0   0   1   0   0   1   0   2   3  23   2   3  4  27]
 [  1 295  13  16  11  16   3   1   1   0   0  10   8   4   9   1   0   0  0   0]
 [  1  28 216  61  20  22   4   2   2   0   1   7   2   8   7   2   1   0  4   3]
 [  0  11  30 282  27   0   6   1   1   0   1   2  30   0   1   0   0   0  0   0]
 [  0  13  13  23 289   0  10   2   2   0   0   3  19   7   1   0   1   0  0   0]
 [  0  54  19   7   4 283   1   1   3   0   0   5   2   4   4   0   1   1  1   0]
 [  0   7   5  30  13   1 287  17   7   1   1   0   7   0   5   0   0   0  0   1]
 [  0   2   1   2   0   0  14 339  15   1   0   1  12   0   3   0   0   0  4   1]
 [  0   1   0   1   0   0   2  22 367   0   0   0   2   1   0   0   1   0  0   0]
 [  0   0   0   1   1   0   4   1   1 359  13   0   1   3   3   4   2   0  3   1]
 [  2   0   0   0   0   0   3   1   2   4 382   0   0   1   0   1   2   0  1   0]
 [  0   3   1   3   4   1   1   0   0   1   0 359   2   3   2   0  10   0  5   0]
 [  3  20   3  26  10   5   7  10   5   1   0  19 271   6   4   1   2   0  0   0]
 [  4   8   0   3   0   0   4   4   5   1   0   1   6 321   8   7   6   5  8   2]
 [  1  11   0   1   0   3   1   0   1   0   1   3   7   4 340   3   2   1 12   1]
 [ 12   3   0   0   0   2   1   0   0   0   0   0   0   1   0 361   1   0  2  15]
 [  1   1   0   0   0   1   1   2   1   1   0   4   0   5   1   1 307   4 22  12]
 [ 15   1   0   1   0   0   0   2   0   2   0   2   1   0   0   6   3 322 19   2]
 [  6   2   0   0   1   0   0   1   0   0   0   5   0  10   5   2  68   4192  14]
 [ 39   3   0   0   0   0   0   0   1   1   0   1   0   2   6  26  11   3  7 151]]


########################## beta=0.001, accuracy=79.70686209193872 ###################################################

[[251   0   0   0   0   1   0   0   2   0   0   1   0   2   3  23   2   3  4  26]
 [  1 296  13  17  11  16   3   1   1   0   0  10   8   2   9   1   0   0  0   0]
 [  1  26 218  60  21  22   4   2   2   0   1   7   2   8   7   2   1   0  4   3]
 [  0  11  29 282  28   0   6   1   1   0   1   2  30   0   1   0   0   0  0   0]
 [  0  12  12  23 291   0  10   3   2   0   0   3  19   6   1   0   1   0  0   0]
 [  0  55  20   7   4 281   1   1   3   0   0   5   2   4   4   0   1   1  1   0]
 [  0   7   5  28  14   1 290  17   7   0   1   0   7   0   4   0   0   0  0   1]
 [  0   2   1   2   0   0  13 341  15   1   0   1  12   0   2   0   0   0  4   1]
 [  0   1   0   1   0   0   2  20 369   0   0   0   2   1   0   0   1   0  0   0]
 [  0   0   0   1   1   0   4   1   0 361  13   0   1   3   3   4   1   0  3   1]
 [  2   0   0   0   0   0   3   2   2   4 381   0   0   1   0   1   1   0  2   0]
 [  0   3   1   3   4   1   1   0   0   1   0 359   2   3   1   0  11   0  5   0]
 [  3  20   3  26  11   5   7   9   5   1   0  19 271   6   4   1   2   0  0   0]
 [  5   8   0   3   0   0   4   4   5   1   0   1   6 321   8   7   6   5  7   2]
 [  1  11   0   1   0   3   2   0   1   0   1   3   7   4 339   3   2   1 12   1]
 [ 12   3   0   0   0   2   1   0   0   0   0   0   0   1   0 361   1   0  2  15]
 [  1   1   0   0   0   1   1   2   1   1   0   5   0   5   1   1 307   4 22  11]
 [ 16   2   0   1   0   0   0   2   0   2   0   2   0   0   0   6   2 321 20   2]
 [  6   2   0   0   1   0   0   1   0   0   0   4   0   9   5   2  71   4191  14]
 [ 39   3   0   0   0   0   0   0   1   1   0   1   0   2   6  26  11   3  7 151]]

########################## beta=0.003, accuracy=79.90672884743503 ###########################################

[[251   0   0   0   0   1   0   0   2   0   0   1   0   2   3  22   2   4  4  26]
 [  1 299  13  17  11  15   3   1   1   0   0   9   8   2   8   1   0   0  0   0]
 [  1  27 221  61  22  18   4   2   2   0   1   5   2   7   8   2   1   0  4   3]
 [  0   9  29 285  30   0   7   0   1   0   1   2  27   0   1   0   0   0  0   0]
 [  0  10  13  23 294   0  10   3   2   0   0   3  19   5   1   0   0   0  0   0]
 [  0  54  22   7   4 282   0   1   4   0   0   5   3   3   3   0   1   0  1   0]
 [  0   7   5  30  13   1 289  17   8   0   1   0   7   0   3   0   0   0  0   1]
 [  0   2   1   2   0   0  12 344  13   1   0   1  12   0   2   0   0   0  4   1]
 [  0   1   0   1   0   0   2  20 369   0   0   0   2   1   0   0   1   0  0   0]
 [  1   0   0   1   1   0   4   1   0 362  12   0   1   3   4   2   1   0  3   1]
 [  2   0   0   0   0   0   2   2   2   4 382   0   0   1   0   1   1   0  2   0]
 [  0   3   2   3   4   1   2   1   0   1   0 356   2   3   0   0  12   0  5   0]
 [  3  21   3  28  10   5   6   9   5   1   0  16 275   6   3   1   1   0  0   0]
 [  5   8   0   3   1   0   4   5   5   1   0   0   8 320   6   7   6   4  8   2]
 [  2  11   0   1   0   3   2   0   1   0   1   2   7   4 339   2   2   1 13   1]
 [ 12   4   0   1   0   2   1   0   0   0   0   0   0   1   0 360   1   0  2  14]
 [  2   1   0   0   0   1   1   2   1   1   0   4   0   5   2   1 309   3 19  12]
 [ 17   2   0   1   0   0   0   2   0   2   0   3   0   0   0   6   3 317 20   3]
 [  7   2   0   0   1   0   0   1   0   0   0   4   0   5   6   1  75   4190  14]
 [ 37   3   0   0   0   0   0   0   1   1   0   1   0   2   6  28  11   3  5 153]]

######################### beta=0.006, accuracy=80.06662225183211 ############################################

[[252   0   0   0   0   1   0   0   2   0   0   1   0   2   3  21   2   4  3  27]
 [  1 300  13  17  11  15   3   1   0   0   0   9   9   2   7   1   0   0  0   0]
 [  1  27 227  57  23  16   4   2   1   0   1   5   2   7   8   2   1   0  4   3]
 [  0   8  27 288  31   0   8   0   1   0   1   1  26   0   1   0   0   0  0   0]
 [  0   9  12  23 296   0  10   3   2   0   0   3  19   5   1   0   0   0  0   0]
 [  0  54  22   8   6 279   1   0   4   1   0   5   3   3   3   0   1   0  0   0]
 [  0   5   5  32  14   0 290  16   8   0   1   0   7   0   3   0   0   0  0   1]
 [  0   2   1   2   0   0  11 347  13   1   0   1  10   0   2   0   0   0  4   1]
 [  0   1   0   1   0   0   2  20 369   0   0   0   2   1   0   0   1   0  0   0]
 [  1   0   0   1   1   0   5   0   0 363  11   0   2   3   4   2   1   0  2   1]
 [  2   0   0   0   0   0   1   3   3   4 381   0   0   1   0   1   1   0  2   0]
 [  0   3   2   3   4   2   2   1   0   1   0 355   2   3   0   0  12   0  5   0]
 [  3  23   3  28   9   3   5   9   5   1   0  16 277   6   3   1   1   0  0   0]
 [  6   8   0   2   1   0   4   6   5   1   0   0   8 319   6   7   6   4  8   2]
 [  2  11   0   1   0   3   2   1   1   0   1   2   7   4 340   1   1   1 13   1]
 [ 13   4   0   1   0   1   2   0   0   0   0   0   0   1   0 357   1   0  2  16]
 [  2   1   0   0   0   1   1   2   1   1   0   4   0   5   2   1 308   3 19  13]
 [ 17   2   0   1   0   0   0   3   0   2   0   3   0   0   0   6   4 316 19   3]
 [  7   2   0   0   1   0   0   1   0   0   0   4   0   4   6   1  75   3191  15]
 [ 36   3   0   0   0   0   0   0   1   1   0   1   0   2   5  28  12   3  5 154]]


######################## beta=0.01, accuracy=80.37308461025982 ####################################################

[[252   0   0   0   0   1   0   0   2   0   0   1   0   2   3  19   2   4  3  29]
 [  1 304  12  17  12  14   3   0   0   0   0   9   8   1   7   1   0   0  0   0]
 [  1  27 228  57  23  16   4   2   1   0   1   4   2   7   8   2   1   0  4   3]
 [  0   8  26 289  32   0   8   0   1   0   1   1  25   0   1   0   0   0  0   0]
 [  0   8  12  22 301   0  10   3   1   0   0   3  18   3   2   0   0   0  0   0]
 [  0  56  23   7   7 278   1   0   3   1   0   4   3   3   3   0   1   0  0   0]
 [  0   2   5  28  14   0 301  13   9   0   1   0   5   0   3   0   0   0  0   1]
 [  0   2   1   3   0   0   9 348  13   1   0   1  10   0   2   0   0   0  4   1]
 [  0   1   0   1   0   0   1  21 369   0   0   0   2   1   0   0   1   0  0   0]
 [  1   0   0   1   1   0   5   1   0 364  11   0   2   2   4   2   1   0  1   1]
 [  2   0   0   0   0   0   1   3   3   5 380   0   0   1   0   1   1   0  2   0]
 [  0   3   3   2   4   2   2   1   0   1   0 355   2   3   0   0  12   0  5   0]
 [  3  24   3  28  10   3   5   9   5   1   0  17 278   5   1   1   0   0  0   0]
 [  6   8   0   2   1   0   4   6   5   1   0   0   8 320   6   6   6   4  8   2]
 [  2  12   0   1   0   2   1   0   1   0   1   2   8   3 342   1   1   1 13   1]
 [ 13   4   2   1   0   0   1   0   0   0   0   0   0   1   0 356   2   0  2  16]
 [  2   1   0   0   0   1   1   2   1   1   0   4   0   5   2   1 307   3 19  14]
 [ 17   2   0   1   0   0   0   3   0   2   0   3   0   0   0   5   5 314 20   4]
 [  7   2   0   0   1   0   0   1   0   0   0   4   0   4   6   1  75   3191  15]
 [ 36   3   0   0   0   0   0   0   1   1   0   1   0   2   5  27  12   3  5 155]]

####################### beta=0.03, accuracy=80.67954696868755 ###################################################

[[255   0   0   0   0   1   0   0   2   0   1   1   1   1   3  15   2   4  3  29]
 [  2 308  14  13  13  13   2   0   0   0   0   9   8   0   7   0   0   0  0   0]
 [  1  26 234  57  22  15   4   2   2   2   1   3   2   4   7   2   0   0  4   3]
 [  0   7  23 294  34   0   8   0   1   0   1   1  22   0   1   0   0   0  0   0]
 [  0   7  10  24 306   0  10   3   1   0   0   3  14   2   3   0   0   0  0   0]
 [  0  61  24   7   7 273   1   0   3   1   0   4   2   3   3   0   1   0  0   0]
 [  0   2   5  27  16   0 305  13   6   0   1   0   4   0   2   0   0   0  0   1]
 [  0   2   1   3   0   0   9 348  14   1   0   1  10   0   1   0   0   0  4   1]
 [  0   1   0   1   0   0   1  18 372   0   0   0   3   1   0   0   0   0  0   0]
 [  1   0   0   1   1   0   6   1   1 367  10   0   2   1   3   1   1   0  1   0]
 [  2   0   0   0   0   0   1   3   3   6 379   0   0   1   0   1   1   0  2   0]
 [  0   4   3   2   3   1   3   1   0   1   0 354   3   3   0   0  12   0  5   0]
 [  2  23   4  30  11   1   5   8   5   1   0  17 280   4   1   1   0   0  0   0]
 [  9   9   0   2   1   0   4   6   4   1   0   0   8 320   6   5   6   3  7   2]
 [  2  13   0   1   0   2   1   0   1   0   1   2   8   2 343   1   1   0 13   1]
 [ 13   4   2   1   0   0   1   0   0   0   0   0   0   1   0 356   2   0  2  16]
 [  1   1   0   0   0   1   1   2   2   1   0   4   0   4   2   2 311   2 18  12]
 [ 17   2   0   0   0   0   1   3   1   1   0   4   0   0   0   5   6 311 20   5]
 [  7   2   0   0   1   0   0   1   0   1   0   4   0   4   6   1  80   3187  13]
 [ 36   3   0   0   0   0   0   0   1   0   0   1   0   2   5  30  13   3  5 152]]


##################### beta=0.06, accuracy=80.75949367088607 ####################################################

[[254   0   0   0   0   1   0   0   2   0   1   1   1   1   3  15   2   4  3  30]
 [  2 308  11  14  15  13   2   0   0   0   0   8   8   0   7   0   0   0  0   1]
 [  1  27 240  57  23  13   4   2   3   2   1   2   1   2   5   2   0   0  4   2]
 [  0   7  21 295  35   0   8   0   1   0   1   1  22   0   1   0   0   0  0   0]
 [  0   8  10  23 305   0  10   4   1   0   0   3  14   2   3   0   0   0  0   0]
 [  0  60  26   7   8 272   2   1   3   1   0   4   1   2   2   0   1   0  0   0]
 [  0   2   4  27  16   0 306  13   6   0   1   0   4   0   2   0   0   0  0   1]
 [  0   1   0   3   0   0   9 352  12   1   0   1  10   0   1   0   0   0  4   1]
 [  0   0   0   1   0   0   2  16 373   1   0   0   3   1   0   0   0   0  0   0]
 [  1   0   1   1   1   0   6   1   0 370  11   1   1   0   1   0   1   0  1   0]
 [  2   0   0   0   0   0   1   3   3   7 378   0   0   1   0   1   1   0  2   0]
 [  1   5   3   2   3   1   3   1   1   1   0 354   3   3   0   0  10   0  4   0]
 [  2  24   4  32  10   1   5   9   5   1   0  17 278   3   1   1   0   0  0   0]
 [  9   9   1   2   1   0   4   6   5   1   0   0   7 319   5   5   6   3  7   3]
 [  2  12   0   1   0   2   1   0   1   0   1   2   9   2 342   1   1   1 13   1]
 [ 12   4   1   1   0   0   2   0   0   0   0   1   0   1   0 356   2   0  2  16]
 [  1   0   0   1   0   1   1   2   3   1   0   4   0   4   2   2 315   2 15  10]
 [ 19   2   0   0   0   0   1   4   1   1   0   4   0   0   0   5   5 309 19   6]
 [  8   2   0   0   2   0   0   2   0   1   0   4   0   3   6   1  80   3186  12]
 [ 37   3   0   0   0   0   0   1   1   0   0   1   0   2   5  30  13   4  5 149]]

################### beta=0.1, accuracy=80.46635576282478 #######################################################

[[254   0   0   0   0   1   0   0   1   0   1   1   1   1   3  15   2   4   4  30]
 [  2 310  11  15  15  12   1   0   0   0   0   7   8   0   7   0   0   0   0   1]
 [  1  26 240  57  24  13   4   2   3   2   1   2   1   2   5   2   0   0   4   2]
 [  0   7  20 295  37   0   8   1   1   0   1   1  20   0   1   0   0   0   0   0]
 [  0   9   9  25 303   0   8   5   1   0   0   2  15   2   3   0   1   0   0   0]
 [  0  57  26   8   7 273   3   1   3   2   0   3   1   2   2   0   2   0   0   0]
 [  0   2   4  31  16   0 300  15   6   0   1   0   4   0   2   0   0   0   0   1]
 [  0   1   0   3   0   0  10 350  12   1   0   1   9   0   2   0   1   0   4   1]
 [  0   0   0   0   0   0   2  18 370   2   0   0   3   0   0   0   0   0   1   1]
 [  1   0   0   1   1   0   6   2   0 370  11   1   1   0   1   0   1   0   1   0]
 [  2   0   0   0   0   0   1   2   3  10 376   0   0   1   0   1   1   0   2   0]
 [  1   6   3   2   4   1   3   2   0   1   0 353   3   2   0   0  11   0   3   0]
 [  2  23   4  32  11   1   6   9   5   1   0  18 276   3   1   1   0   0   0   0]
 [  8   9   1   2   1   0   3   7   6   1   0   0   6 319   5   6   5   4   7   3]
 [  2  11   0   1   0   2   1   0   1   0   1   2   9   2 343   1   1   1  13   1]
 [ 12   3   1   1   1   0   2   0   0   0   0   1   0   1   0 357   2   0   1  16]
 [  1   0   0   0   1   1   1   3   3   1   0   4   0   3   2   2 315   2  15  10]
 [ 21   1   0   0   0   1   1   4   1   1   0   4   0   0   0   3   5 307  21   6]
 [  8   2   0   0   2   0   0   2   0   1   0   5   0   3   6   1  83   3 183  11]
 [ 38   3   0   0   0   0   0   1   1   0   0   1   0   2   5  33  13   4   5 145]]

################# beta=0.2, accuracy=80.55962692 ################################################################

[[252   0   0   0   0   1   0   0   1   0   1   1   1   2   3  18   3   4   5  26]
 [  2 304  12  15  17  14   1   0   0   0   0   7   8   1   7   0   0   0   0   1]
 [  1  28 240  54  24  12   4   2   3   2   1   3   1   3   4   2   0   0   5   2]
 [  0   7  19 299  34   0   6   1   0   0   1   1  23   0   1   0   0   0   0   0]
 [  1   9   9  26 299   0   8   5   1   1   0   2  15   3   3   0   1   0   0   0]
 [  0  58  25   8   7 273   3   1   3   2   0   3   1   2   2   0   2   0   0   0]
 [  0   2   4  33  16   0 298  16   5   0   1   0   4   0   2   0   0   0   1   0]
 [  0   1   0   2   0   0   8 356  12   1   0   1   6   0   1   0   1   0   5   1]
 [  0   0   0   0   0   0   3  17 370   2   0   0   2   0   0   1   0   0   2   0]
 [  2   0   1   1   1   0   6   2   0 369  10   1   1   0   0   0   1   0   2   0]
 [  2   0   0   0   0   0   1   2   1  10 378   0   0   1   1   1   1   0   1   0]
 [  1   6   3   1   4   1   2   1   0   1   0 351   4   2   0   0  12   0   5   1]
 [  2  21   3  34  10   1   4   7   6   1   0  19 280   2   1   1   1   0   0   0]
 [  8   9   1   2   1   0   2   5   5   1   0   0   5 323   4  10   5   4   7   1]
 [  3  10   0   1   0   2   0   0   1   0   1   2   9   2 341   1   1   1  16   1]
 [ 12   2   1   1   2   0   0   0   0   0   1   1   0   1   0 364   2   0   1  10]
 [  1   0   0   0   1   0   1   4   3   1   0   4   0   3   2   2 315   2  15  10]
 [ 19   1   0   0   0   0   1   4   1   1   0   4   0   0   0   4   5 311  21   4]
 [  7   2   0   0   1   0   0   1   0   1   0   5   0   3   6   1  88   3 183   9]
 [ 39   3   0   0   0   0   0   1   1   0   0   1   0   2   5  37  13   4   5 140]]

################# beta=0.3, accuracy=80.3597601598934 ###########################################################

[[251   0   0   0   0   1   0   0   1   0   1   1   1   2   3  21   3   4   5  24]
 [  2 303  11  16  15  13   1   1   0   0   0   7   8   1   8   2   0   0   0   1]
 [  1  29 235  55  20  17   3   2   3   2   1   5   1   3   4   2   0   0   6   2]
 [  0   7  17 301  32   0   6   1   0   0   1   2  24   0   1   0   0   0   0   0]
 [  1   9   9  29 295   0   6   5   1   1   0   2  16   3   4   0   2   0   0   0]
 [  0  59  22   8   6 276   2   1   3   2   0   4   1   2   2   0   1   0   1   0]
 [  0   2   4  36  17   0 288  19   6   0   1   0   5   0   2   0   0   1   1   0]
 [  0   1   0   2   0   0   8 355  12   1   0   1   5   0   2   0   1   0   6   1]
 [  0   0   0   0   0   0   2  15 373   2   0   0   1   1   0   1   0   0   2   0]
 [  3   1   1   1   1   0   5   2   0 368   9   1   1   0   0   0   1   1   2   0]
 [  2   1   0   0   0   0   1   2   0   9 379   0   0   1   1   1   1   0   1   0]
 [  0   6   3   1   4   1   2   1   0   1   0 351   4   2   0   0  12   0   6   1]
 [  2  20   3  33   9   0   4   9   6   1   0  22 275   4   2   2   1   0   0   0]
 [ 10   8   1   3   1   0   2   4   3   1   0   0   5 324   3  11   5   4   8   0]
 [  3  11   0   1   0   1   0   0   1   0   1   2   7   2 341   1   1   1  18   1]
 [ 11   2   1   1   2   0   0   0   0   0   1   1   0   1   0 366   2   0   1   9]
 [  0   0   0   0   1   0   1   4   2   1   0   3   1   2   2   2 319   2  14  10]
 [ 19   1   0   0   0   0   1   4   1   1   1   4   0   0   0   4   5 310  22   3]
 [  7   2   0   0   0   0   0   1   0   1   0   5   0   2   7   1  89   4 184   7]
 [ 40   3   0   0   0   0   0   0   1   0   0   1   0   2   5  39  14   4   5 137]]

################# beta=0.6, accuracy=79.4137241838774 ##########################################################

[[246   0   0   0   0   1   0   0   1   0   1   1   1   2   3  29   4   6   5  18]
 [  2 303  10  12  13  15   1   2   0   0   0  10   7   2   8   2   0   0   1   1]
 [  3  34 220  57  14  23   1   2   2   2   1  10   1   3   5   4   0   0   8   1]
 [  0   8  16 302  27   0   6   6   0   0   1   2  23   0   1   0   0   0   0   0]
 [  1  10   8  32 287   0   5   6   1   1   0   3  17   3   3   0   3   0   3   0]
 [  0  53  16   9   5 288   1   0   3   1   0   7   0   1   2   1   1   0   2   0]
 [  0   4   4  42  20   0 264  24   5   0   1   2   8   0   3   1   1   2   1   0]
 [  0   1   0   2   0   0   7 355   5   2   0   1   5   0   3   1   4   1   8   0]
 [  0   1   0   0   0   0   1  18 366   2   0   0   1   1   0   1   2   0   4   0]
 [  3   1   0   2   1   2   3   3   1 357  11   1   2   0   0   3   1   2   4   0]
 [  2   0   0   0   0   0   1   2   0   7 379   0   0   2   1   2   1   1   1   0]
 [  0   6   1   1   2   1   2   1   0   1   0 356   3   2   0   1   9   0   8   1]
 [  2  17   2  32   8   2   1  10   5   1   0  30 272   5   2   3   1   0   0   0]
 [ 11   7   1   3   1   0   1   5   1   1   0   0   5 323   3  13   6   3   9   0]
 [  4   9   0   1   0   1   0   0   1   0   1   3   6   2 337   3   1   2  20   1]
 [  8   2   1   0   2   0   0   0   0   0   0   1   0   1   0 374   3   1   1   4]
 [  1   0   0   0   1   0   2   4   2   1   0   3   0   2   2   2 321   2  14   7]
 [ 15   1   0   0   0   0   1   3   1   1   1   4   0   0   0   5   5 315  22   2]
 [  8   2   0   0   0   0   0   1   0   0   0   4   0   3   7   1  95   4 183   2]
 [ 45   3   0   0   0   0   0   0   1   0   0   1   0   2   5  52  19   5   6 112]]


################# beta=0.8, accuracy=78.89407061958694 #########################################################


[[244   0   0   0   0   1   0   0   0   0   1   1   1   2   3  39   4   6   6  10]
 [  3 300   7  12  11  18   1   2   0   0   0  15   7   2   6   4   0   0   1   0]
 [  3  34 215  57  12  28   0   2   2   2   1  12   1   4   5   4   0   0   8   1]
 [  0   8  16 304  23   1   5   6   0   0   1   4  23   0   1   0   0   0   0   0]
 [  1  10   9  35 281   0   5   5   1   1   0   4  15   5   3   0   3   0   5   0]
 [  0  45  10  11   3 299   1   0   3   1   0  10   0   0   3   1   1   0   2   0]
 [  0   7   4  46  21   0 249  27   4   0   1   2   7   0   3   3   1   3   3   1]
 [  0   1   0   2   0   1   6 355   5   2   0   1   5   0   2   1   5   1   8   0]
 [  0   1   0   0   0   0   1  21 362   2   0   0   1   1   0   1   2   1   4   0]
 [  4   1   0   1   1   3   3   3   1 349  15   1   2   0   0   3   1   2   7   0]
 [  2   0   0   0   0   0   1   1   0   7 379   1   0   2   1   2   0   1   2   0]
 [  0   5   1   1   2   1   2   0   0   0   0 359   3   2   0   2   8   0   8   1]
 [  1  15   2  31   8   3   1  10   3   0   0  40 266   5   2   5   0   1   0   0]
 [ 10   8   1   3   1   0   0   5   1   2   0   0   3 323   2  15   4   6   9   0]
 [  4   9   0   0   0   1   0   0   1   0   1   4   5   4 336   3   1   2  20   1]
 [  7   2   1   0   1   2   0   0   0   0   0   1   0   1   0 376   3   1   1   2]
 [  1   0   0   0   1   0   1   3   1   2   0   3   0   1   2   2 324   2  16   5]
 [ 14   1   0   0   0   0   1   3   1   1   1   4   0   0   0   5   4 319  22   0]
 [  7   1   0   0   0   1   0   1   0   0   0   3   0   3   7   1  95   4 185   2]
 [ 47   3   0   0   0   0   0   0   1   0   0   1   0   3   5  65  19   5   6  96]]

################# beta=1.0, accuracy=78.10792804796802 #######################################################

[[235   0   0   0   0   1   0   0   0   0   1   1   1   2   3  45   3  10   7   9]
 [  3 296   6  12   7  22   1   3   2   0   0  17   4   4   7   4   0   0   1   0]
 [  3  33 207  58  11  31   0   2   2   2   1  17   1   4   4   5   0   0   9   1]
 [  0   8  15 305  21   2   4   6   0   0   1   6  23   0   1   0   0   0   0   0]
 [  0   8  10  37 273   3   4   4   1   1   0   6  17   8   2   0   3   0   6   0]
 [  0  42   7  10   2 306   1   0   2   1   0  10   0   0   3   2   1   1   2   0]
 [  0   8   4  50  20   1 226  33   5   0   1   3  11   2   3   4   2   3   6   0]
 [  1   1   0   2   0   1   5 356   4   2   0   1   4   0   2   1   4   2   9   0]
 [  0   1   0   0   0   0   0  26 353   2   0   1   1   1   0   1   4   2   5   0]
 [  4   1   0   1   1   2   3   3   1 345  17   2   2   0   0   3   1   2   9   0]
 [  2   0   0   0   0   0   1   1   0   4 381   1   0   2   1   2   0   1   3   0]
 [  0   4   1   1   2   1   1   0   0   0   0 361   3   2   0   2   8   0   8   1]
 [  2  18   0  27   8   3   1  10   2   0   0  46 259   6   3   6   0   2   0   0]
 [ 10   7   1   3   0   0   0   4   0   1   0   1   3 324   3  17   3   6  10   0]
 [  3   7   0   0   0   2   0   0   1   0   1   4   4   4 335   5   1   2  22   1]
 [  7   2   1   0   1   2   0   0   0   0   0   1   0   1   0 377   2   2   1   1]
 [  1   0   0   0   1   0   1   2   1   1   1   3   0   1   2   3 325   2  16   4]
 [ 12   1   0   0   0   0   0   2   1   1   1   4   0   0   0   8   3 325  18   0]
 [  6   1   0   0   0   1   0   1   0   0   0   3   0   3   7   3  95   5 184   1]
 [ 47   3   0   0   0   0   0   0   1   0   0   1   0   3   5  70  19   5   8  89]]
















